1,0.0000000000000000,0.0000000000000000
2,0.0628215181562566,0.2016246358046662
3,0.1255810390586268,0.3880784054402067
4,0.1882166266370287,0.5456709671652452
5,0.2506664671286085,0.6635281084940332
6,0.3128689300804617,0.7346516975603463
7,0.3747626291714493,0.7566002300261637
8,0.4362864827930851,0.7317233592822874
9,0.4973797743297096,0.6669274568935186
10,0.5579822120784586,0.5729951562463175
11,0.6180339887498948,0.4635254915624209
12,0.6774758404905827,0.3535983831804634
13,0.7362491053693560,0.2582942028807803
14,0.7942957812695612,0.1912133387646970
15,0.8515585831301453,0.1631406792000321
16,0.9079809994790935,0.1809857496093201
17,0.9635073482034307,0.2471022530049964
18,1.0180828315007426,0.3590536264380835
19,1.0716535899579933,0.5098475663222588
20,1.1241667557042612,0.6886165695907225
21,1.1755705045849463,0.8816778784387100
22,1.2258141073059527,1.0738690776669382
23,1.2748479794973793,1.2500286107692709
24,1.3226237306473037,1.3964762951729512
25,1.3690942118573775,1.5023489170406099
26,1.4142135623730949,1.5606601717798212
27,1.4579372548428231,1.5689811992796938
28,1.5002221392609190,1.5296751016331629
29,1.5410264855515785,1.4496624903099200
30,1.5803100247513806,1.3397410157510095
31,1.6180339887498949,1.2135254915624205
32,1.6541611485491237,1.0861123642243693
33,1.6886558510040302,0.9725992621067854
34,1.7214840540078873,0.8866045433184413
35,1.7526133600877272,0.8389317619182184
36,1.7820130483767356,0.8365097862825517
37,1.8096541049320392,0.8817123205514528
38,1.8355092513679623,0.9721234413384985
39,1.8595529717765027,1.1007721026861410
40,1.8817615379084511,1.2568126562438653
41,1.9021130325903071,1.4265847744427309
42,1.9205873713538861,1.5949490257028891
43,1.9371663222572622,1.7467673678391828
44,1.9518335238774949,1.8683836400955953
45,1.9645745014573772,1.9489591342406096
46,1.9753766811902755,1.9815325108927067
47,1.9842294026289558,1.9637003101192936
48,1.9911239292061600,1.8978514440920933
49,1.9960534568565431,1.7909327187886432
50,1.9990131207314632,1.6537683377360697
51,2.0000000000000000,1.5000000000000002
52,1.9990131207314632,1.3447513433611231
53,1.9960534568565431,1.2031474664961694
54,1.9911239292061600,1.0888344497171460
55,1.9842294026289558,1.0126437938241399
56,1.9753766811902755,0.9815325108927067
57,1.9645745014573774,0.9979026179454567
58,1.9518335238774949,1.0593666457206479
59,1.9371663222572624,1.1589821155467099
60,1.9205873713538861,1.2859320313279414
61,1.9021130325903073,1.4265847744427318
62,1.8817615379084509,1.5658296506188123
63,1.8595529717765029,1.6885573549786135
64,1.8355092513679625,1.7811404357134457
65,1.8096541049320389,1.8327688368466064
66,1.7820130483767358,1.8365097862825519
67,1.7526133600877269,1.7899882782133716
68,1.7214840540078873,1.6956215376933890
69,1.6886558510040304,1.5603845143992583
70,1.6541611485491234,1.3951293585993159
71,1.6180339887498949,1.2135254915624198
72,1.5803100247513810,1.0307240213760616
73,1.5410264855515785,0.8618772380174464
74,1.5002221392609192,0.7206581072582154
75,1.4579372548428229,0.6179246829845400
76,1.4142135623730951,0.5606601717798214
77,1.3690942118573777,0.5512924007454569
78,1.3226237306473037,0.5874593007980042
79,1.2748479794973790,0.6622433584767988
80,1.2258141073059536,0.7648520832919918
81,1.1755705045849465,0.8816778784387112
82,1.1241667557042616,0.9976335639656703
83,1.0716535899579933,1.0976328186147326
84,1.0180828315007422,1.1680706208130316
85,0.9635073482034312,1.1981587693001501
86,0.9079809994790937,1.1809857496093203
87,0.8515585831301450,1.1141971954951853
88,0.7942957812695612,1.0002303331396434
89,0.7362491053693563,0.8460794551732542
90,0.6774758404905826,0.6626153775554103
91,0.6180339887498950,0.4635254915624201
92,0.5579822120784582,0.2639781618713679
93,0.4973797743297097,0.0791422046010461
94,0.4362864827930855,-0.0772936350926597
95,0.3747626291714492,-0.1944562862689903
96,0.3128689300804620,-0.2653483024396535
97,0.2506664671286082,-0.2875284078011203
98,0.1882166266370287,-0.2633460272097020
99,0.1255810390586263,-0.1997068468522645
100,0.0628215181562574,-0.1073923585702804
101,0.0000000000000002,-0.0000000000000004
102,-0.0628215181562560,0.1073923585702820
103,-0.1255810390586267,0.1997068468522675
104,-0.1882166266370282,0.2633460272097037
105,-0.2506664671286086,0.2875284078011213
106,-0.3128689300804624,0.2653483024396532
107,-0.3747626291714495,0.1944562862689893
108,-0.4362864827930841,0.0772936350926615
109,-0.4973797743297092,-0.0791422046010447
110,-0.5579822120784578,-0.2639781618713698
111,-0.6180339887498946,-0.4635254915624221
112,-0.6774758404905830,-0.6626153775554128
113,-0.7362491053693558,-0.8460794551732558
114,-0.7942957812695616,-1.0002303331396472
115,-0.8515585831301453,-1.1141971954951861
116,-0.9079809994790942,-1.1809857496093206
117,-0.9635073482034300,-1.1981587693001494
118,-1.0180828315007424,-1.1680706208130305
119,-1.0716535899579929,-1.0976328186147302
120,-1.1241667557042612,-0.9976335639656677
121,-1.1755705045849461,-0.8816778784387068
122,-1.2258141073059532,-0.7648520832919911
123,-1.2748479794973793,-0.6622433584767971
124,-1.3226237306473041,-0.5874593007980032
125,-1.3690942118573768,-0.5512924007454561
126,-1.4142135623730949,-0.5606601717798212
127,-1.4579372548428227,-0.6179246829845405
128,-1.5002221392609190,-0.7206581072582166
129,-1.5410264855515787,-0.8618772380174496
130,-1.5803100247513808,-1.0307240213760620
131,-1.6180339887498947,-1.2135254915624218
132,-1.6541611485491243,-1.3951293585993187
133,-1.6886558510040306,-1.5603845143992618
134,-1.7214840540078866,-1.6956215376933887
135,-1.7526133600877272,-1.7899882782133725
136,-1.7820130483767356,-1.8365097862825517
137,-1.8096541049320387,-1.8327688368466051
138,-1.8355092513679625,-1.7811404357134455
139,-1.8595529717765029,-1.6885573549786130
140,-1.8817615379084509,-1.5658296506188101
141,-1.9021130325903071,-1.4265847744427276
142,-1.9205873713538859,-1.2859320313279408
143,-1.9371663222572619,-1.1589821155467090
144,-1.9518335238774949,-1.0593666457206463
145,-1.9645745014573774,-0.9979026179454554
146,-1.9753766811902753,-0.9815325108927064
147,-1.9842294026289555,-1.0126437938241404
148,-1.9911239292061600,-1.0888344497171474
149,-1.9960534568565431,-1.2031474664961728
150,-1.9990131207314632,-1.3447513433611269
151,-2.0000000000000000,-1.5000000000000009
152,-1.9990131207314632,-1.6537683377360726
153,-1.9960534568565431,-1.7909327187886459
154,-1.9911239292061600,-1.8978514440920937
155,-1.9842294026289558,-1.9637003101192938
156,-1.9753766811902755,-1.9815325108927067
157,-1.9645745014573772,-1.9489591342406087
158,-1.9518335238774946,-1.8683836400955927
159,-1.9371663222572626,-1.7467673678391828
160,-1.9205873713538861,-1.5949490257028869
161,-1.9021130325903073,-1.4265847744427278
162,-1.8817615379084511,-1.2568126562438646
163,-1.8595529717765031,-1.1007721026861401
164,-1.8355092513679621,-0.9721234413384969
165,-1.8096541049320392,-0.8817123205514518
166,-1.7820130483767360,-0.8365097862825519
167,-1.7526133600877267,-0.8389317619182195
168,-1.7214840540078877,-0.8866045433184430
169,-1.6886558510040310,-0.9725992621067860
170,-1.6541611485491237,-1.0861123642243689
171,-1.6180339887498951,-1.2135254915624221
172,-1.5803100247513813,-1.3397410157510112
173,-1.5410264855515781,-1.4496624903099220
174,-1.5002221392609190,-1.5296751016331649
175,-1.4579372548428231,-1.5689811992796954
176,-1.4142135623730954,-1.5606601717798214
177,-1.3690942118573779,-1.5023489170406104
178,-1.3226237306473045,-1.3964762951729521
179,-1.2748479794973793,-1.2500286107692704
180,-1.2258141073059530,-1.0738690776669368
181,-1.1755705045849467,-0.8816778784387076
182,-1.1241667557042618,-0.6886165695907196
183,-1.0716535899579926,-0.5098475663222546
184,-1.0180828315007424,-0.3590536264380800
185,-0.9635073482034307,-0.2471022530049966
186,-0.9079809994790939,-0.1809857496093205
187,-0.8515585831301460,-0.1631406792000330
188,-0.7942957812695624,-0.1912133387646989
189,-0.7362491053693557,-0.2582942028807821
190,-0.6774758404905829,-0.3535983831804666
191,-0.6180339887498952,-0.4635254915624256
192,-0.5579822120784576,-0.5729951562463217
193,-0.4973797743297090,-0.6669274568935202
194,-0.4362864827930866,-0.7317233592822885
195,-0.3747626291714494,-0.7566002300261641
196,-0.3128689300804622,-0.7346516975603467
197,-0.2506664671286076,-0.6635281084940305
198,-0.1882166266370298,-0.5456709671652462
199,-0.1255810390586283,-0.3880784054402073
200,-0.0628215181562585,-0.2016246358046662
201,-0.0000000000000005,-0.0000000000000016
202,0.0628215181562557,0.2016246358046652
203,0.1255810390586256,0.3880784054402062
204,0.1882166266370288,0.5456709671652462
205,0.2506664671286084,0.6635281084940338
206,0.3128689300804612,0.7346516975603459
207,0.3747626291714484,0.7566002300261618
208,0.4362864827930856,0.7317233592822849
209,0.4973797743297098,0.6669274568935142
210,0.5579822120784583,0.5729951562463110
211,0.6180339887498960,0.4635254915624144
212,0.6774758404905836,0.3535983831804627
213,0.7362491053693564,0.2582942028807789
214,0.7942957812695614,0.1912133387646954
215,0.8515585831301435,0.1631406792000318
216,0.9079809994790932,0.1809857496093199
217,0.9635073482034298,0.2471022530049952
218,1.0180828315007415,0.3590536264380821
219,1.0716535899579920,0.5098475663222577
220,1.1241667557042612,0.6886165695907234
221,1.1755705045849458,0.8816778784387116
222,1.2258141073059523,1.0738690776669408
223,1.2748479794973799,1.2500286107692746
224,1.3226237306473039,1.3964762951729546
225,1.3690942118573772,1.5023489170406115
226,1.4142135623730947,1.5606601717798210
227,1.4579372548428238,1.5689811992796923
228,1.5002221392609194,1.5296751016331624
229,1.5410264855515785,1.4496624903099189
230,1.5803100247513817,1.3397410157510070
231,1.6180339887498956,1.2135254915624176
232,1.6541611485491232,1.0861123642243709
233,1.6886558510040295,0.9725992621067867
234,1.7214840540078864,0.8866045433184414
235,1.7526133600877272,0.8389317619182186
236,1.7820130483767356,0.8365097862825517
237,1.8096541049320387,0.8817123205514530
238,1.8355092513679618,0.9721234413384994
239,1.8595529717765029,1.1007721026861437
240,1.8817615379084509,1.2568126562438688
241,1.9021130325903071,1.4265847744427358
242,1.9205873713538864,1.5949490257028947
243,1.9371663222572624,1.7467673678391837
244,1.9518335238774949,1.8683836400955955
245,1.9645745014573772,1.9489591342406103
246,1.9753766811902755,1.9815325108927067
247,1.9842294026289558,1.9637003101192922
248,1.9911239292061600,1.8978514440920908
249,1.9960534568565431,1.7909327187886450
250,1.9990131207314630,1.6537683377360717
251,2.0000000000000000,1.4999999999999998
252,1.9990131207314632,1.3447513433611225
253,1.9960534568565431,1.2031474664961690
254,1.9911239292061602,1.0888344497171447
255,1.9842294026289558,1.0126437938241388
256,1.9753766811902753,0.9815325108927064
257,1.9645745014573772,0.9979026179454578
258,1.9518335238774946,1.0593666457206510
259,1.9371663222572622,1.1589821155467102
260,1.9205873713538861,1.2859320313279421
261,1.9021130325903073,1.4265847744427325
262,1.8817615379084514,1.5658296506188150
263,1.8595529717765020,1.6885573549786161
264,1.8355092513679616,1.7811404357134477
265,1.8096541049320385,1.8327688368466073
266,1.7820130483767369,1.8365097862825528
267,1.7526133600877285,1.7899882782133731
268,1.7214840540078871,1.6956215376933883
269,1.6886558510040302,1.5603845143992574
270,1.6541611485491239,1.3951293585993141
271,1.6180339887498951,1.2135254915624176
272,1.5803100247513813,1.0307240213760580
273,1.5410264855515794,0.8618772380174435
274,1.5002221392609203,0.7206581072582128
275,1.4579372548428220,0.6179246829845397
276,1.4142135623730943,0.5606601717798208
277,1.3690942118573768,0.5512924007454565
278,1.3226237306473034,0.5874593007980054
279,1.2748479794973795,0.6622433584768011
280,1.2258141073059532,0.7648520832919955
281,1.1755705045849467,0.8816778784387155
282,1.1241667557042592,0.9976335639656742
283,1.0716535899579944,1.0976328186147324
284,1.0180828315007442,1.1680706208130323
285,0.9635073482034324,1.1981587693001516
286,0.9079809994790958,1.1809857496093219
287,0.8515585831301447,1.1141971954951841
288,0.7942957812695609,1.0002303331396418
289,0.7362491053693560,0.8460794551732492
290,0.6774758404905831,0.6626153775554118
291,0.6180339887498956,0.4635254915624217
292,0.5579822120784596,0.2639781618713701
293,0.4973797743297110,0.0791422046010452
294,0.4362864827930834,-0.0772936350926627
295,0.3747626291714479,-0.1944562862689920
296,0.3128689300804607,-0.2653483024396545
297,0.2506664671286078,-0.2875284078011193
298,0.1882166266370283,-0.2633460272096989
299,0.1255810390586268,-0.1997068468522608
300,0.0628215181562570,-0.1073923585702802
301,0.0000000000000007,0.0000000000000023
302,-0.0628215181562555,0.1073923585702845
303,-0.1255810390586253,0.1997068468522704
304,-0.1882166266370269,0.2633460272097061
305,-0.2506664671286064,0.2875284078011237
306,-0.3128689300804627,0.2653483024396530
307,-0.3747626291714499,0.1944562862689894
308,-0.4362864827930854,0.0772936350926592
309,-0.4973797743297095,-0.0791422046010469
310,-0.5579822120784581,-0.2639781618713723
311,-0.6180339887498941,-0.4635254915624241
312,-0.6774758404905817,-0.6626153775554141
313,-0.7362491053693578,-0.8460794551732592
314,-0.7942957812695628,-1.0002303331396494
315,-0.8515585831301465,-1.1141971954951888
316,-0.9079809994790945,-1.1809857496093210
317,-0.9635073482034280,-1.1981587693001474
318,-1.0180828315007397,-1.1680706208130269
319,-1.0716535899579931,-1.0976328186147286
320,-1.1241667557042609,-0.9976335639656654
321,-1.1755705045849456,-0.8816778784387040
322,-1.2258141073059521,-0.7648520832919913
323,-1.2748479794973782,-0.6622433584767973
324,-1.3226237306473023,-0.5874593007980027
325,-1.3690942118573757,-0.5512924007454545
326,-1.4142135623730958,-0.5606601717798219
327,-1.4579372548428235,-0.6179246829845420
328,-1.5002221392609192,-0.7206581072582181
329,-1.5410264855515783,-0.8618772380174513
330,-1.5803100247513804,-1.0307240213760673
331,-1.6180339887498945,-1.2135254915624276
332,-1.6541611485491250,-1.3951293585993247
333,-1.6886558510040313,-1.5603845143992670
334,-1.7214840540078864,-1.6956215376933899
335,-1.7526133600877261,-1.7899882782133725
336,-1.7820130483767345,-1.8365097862825508
337,-1.8096541049320378,-1.8327688368466057
338,-1.8355092513679623,-1.7811404357134462
339,-1.8595529717765027,-1.6885573549786139
340,-1.8817615379084507,-1.5658296506188110
341,-1.9021130325903068,-1.4265847744427285
342,-1.9205873713538859,-1.2859320313279385
343,-1.9371663222572619,-1.1589821155467073
344,-1.9518335238774944,-1.0593666457206445
345,-1.9645745014573777,-0.9979026179454549
346,-1.9753766811902755,-0.9815325108927067
347,-1.9842294026289558,-1.0126437938241422
348,-1.9911239292061600,-1.0888344497171507
349,-1.9960534568565431,-1.2031474664961777
350,-1.9990131207314632,-1.3447513433611324
351,-2.0000000000000000,-1.5000000000000031
352,-1.9990131207314632,-1.6537683377360748
353,-1.9960534568565431,-1.7909327187886421
354,-1.9911239292061602,-1.8978514440920931
355,-1.9842294026289560,-1.9637003101192936
356,-1.9753766811902758,-1.9815325108927069
357,-1.9645745014573772,-1.9489591342406092
358,-1.9518335238774949,-1.8683836400955935
359,-1.9371663222572624,-1.7467673678391809
360,-1.9205873713538864,-1.5949490257028847
361,-1.9021130325903075,-1.4265847744427258
362,-1.8817615379084514,-1.2568126562438593
363,-1.8595529717765034,-1.1007721026861355
364,-1.8355092513679616,-0.9721234413384932
365,-1.8096541049320385,-0.8817123205514496
366,-1.7820130483767354,-0.8365097862825515
367,-1.7526133600877269,-0.8389317619182215
368,-1.7214840540078891,-0.8866045433184454
369,-1.6886558510040304,-0.9725992621067843
370,-1.6541611485491239,-1.0861123642243680
371,-1.6180339887498953,-1.2135254915624212
372,-1.5803100247513815,-1.3397410157510103
373,-1.5410264855515796,-1.4496624903099222
374,-1.5002221392609203,-1.5296751016331653
375,-1.4579372548428247,-1.5689811992796963
376,-1.4142135623730945,-1.5606601717798210
377,-1.3690942118573770,-1.5023489170406081
378,-1.3226237306473037,-1.3964762951729481
379,-1.2748479794973795,-1.2500286107692657
380,-1.2258141073059534,-1.0738690776669317
381,-1.1755705045849469,-0.8816778784387019
382,-1.1241667557042623,-0.6886165695907142
383,-1.0716535899579915,-0.5098475663222490
384,-1.0180828315007413,-0.3590536264380800
385,-0.9635073482034295,-0.2471022530049939
386,-0.9079809994790961,-0.1809857496093220
387,-0.8515585831301481,-0.1631406792000341
388,-0.7942957812695611,-0.1912133387646973
389,-0.7362491053693562,-0.2582942028807815
390,-0.6774758404905833,-0.3535983831804658
391,-0.6180339887498958,-0.4635254915624248
392,-0.5579822120784598,-0.5729951562463223
393,-0.4973797743297078,-0.6669274568935270
394,-0.4362864827930871,-0.7317233592822923
395,-0.3747626291714516,-0.7566002300261653
396,-0.3128689300804610,-0.7346516975603457
397,-0.2506664671286116,-0.6635281084940351
398,-0.1882166266370285,-0.5456709671652398
399,-0.1255810390586306,-0.3880784054402072
400,-0.0628215181562572,-0.2016246358046630
401,-0.0000000000000010,-0.0000000000000032
402,0.0628215181562588,0.2016246358046731
403,0.1255810390586251,0.3880784054402048
404,0.1882166266370301,0.5456709671652507
405,0.2506664671286061,0.6635281084940317
406,0.3128689300804625,0.7346516975603469
407,0.3747626291714497,0.7566002300261632
408,0.4362864827930852,0.7317233592822812
409,0.4973797743297093,0.6669274568935149
410,0.5579822120784613,0.5729951562463077
411,0.6180339887498939,0.4635254915624140
412,0.6774758404905815,0.3535983831804623
413,0.7362491053693543,0.2582942028807727
414,0.7942957812695594,0.1912133387646947
415,0.8515585831301463,0.1631406792000300
416,0.9079809994790911,0.1809857496093184
417,0.9635073482034309,0.2471022530050000
418,1.0180828315007395,0.3590536264380841
419,1.0716535899579929,0.5098475663222689
420,1.1241667557042607,0.6886165695907287
421,1.1755705045849483,0.8816778784387264
422,1.2258141073059519,1.0738690776669462
423,1.2748479794973808,1.2500286107692744
424,1.3226237306473021,1.3964762951729484
425,1.3690942118573781,1.5023489170406117
426,1.4142135623730956,1.5606601717798216
427,1.4579372548428233,1.5689811992796923
428,1.5002221392609192,1.5296751016331631
429,1.5410264855515761,1.4496624903099236
430,1.5803100247513804,1.3397410157510072
431,1.6180339887498942,1.2135254915624252
432,1.6541611485491228,1.0861123642243651
433,1.6886558510040293,0.9725992621067876
434,1.7214840540078880,0.8866045433184391
435,1.7526133600877261,0.8389317619182181
436,1.7820130483767360,0.8365097862825519
437,1.8096541049320376,0.8817123205514518
438,1.8355092513679623,0.9721234413385033
439,1.8595529717765027,1.1007721026861426
440,1.8817615379084518,1.2568126562438753
441,1.9021130325903068,1.4265847744427345
442,1.9205873713538868,1.5949490257029006
443,1.9371663222572617,1.7467673678391877
444,1.9518335238774951,1.8683836400956033
445,1.9645745014573777,1.9489591342406125
446,1.9753766811902751,1.9815325108927064
447,1.9842294026289558,1.9637003101192905
448,1.9911239292061598,1.8978514440920915
449,1.9960534568565431,1.7909327187886346
450,1.9990131207314632,1.6537683377360661
451,2.0000000000000000,1.4999999999999867
452,1.9990131207314632,1.3447513433611169
453,1.9960534568565431,1.2031474664961586
454,1.9911239292061602,1.0888344497171496
455,1.9842294026289555,1.0126437938241390
456,1.9753766811902760,0.9815325108927069
457,1.9645745014573772,0.9979026179454573
458,1.9518335238774949,1.0593666457206463
459,1.9371663222572615,1.1589821155467146
460,1.9205873713538864,1.2859320313279410
461,1.9021130325903064,1.4265847744427376
462,1.8817615379084514,1.5658296506188139
463,1.8595529717765036,1.6885573549786106
464,1.8355092513679618,1.7811404357134470
465,1.8096541049320403,1.8327688368466062
466,1.7820130483767354,1.8365097862825515
467,1.7526133600877287,1.7899882782133736
468,1.7214840540078873,1.6956215376933852
469,1.6886558510040304,1.5603845143992587
470,1.6541611485491241,1.3951293585993085
471,1.6180339887498956,1.2135254915624192
472,1.5803100247513795,1.0307240213760509
473,1.5410264855515796,0.8618772380174447
474,1.5002221392609183,0.7206581072582079
475,1.4579372548428249,0.6179246829845400
476,1.4142135623730947,0.5606601717798210
477,1.3690942118573772,0.5512924007454585
478,1.3226237306473012,0.5874593007980116
479,1.2748479794973797,0.6622433584768059
480,1.2258141073059565,0.7648520832919967
481,1.1755705045849472,0.8816778784387217
482,1.1241667557042625,0.9976335639656754
483,1.0716535899579918,1.0976328186147408
484,1.0180828315007446,1.1680706208130363
485,0.9635073482034298,1.1981587693001494
486,0.9079809994790963,1.1809857496093223
487,0.8515585831301451,1.1141971954951848
488,0.7942957812695614,1.0002303331396469
489,0.7362491053693564,0.8460794551732506
490,0.6774758404905835,0.6626153775554133
491,0.6180339887498926,0.4635254915624135
492,0.5579822120784600,0.2639781618713716
493,0.4973797743297080,0.0791422046010383
494,0.4362864827930874,-0.0772936350926590
495,0.3747626291714484,-0.1944562862689934
496,0.3128689300804612,-0.2653483024396541
497,0.2506664671286118,-0.2875284078011189
498,0.1882166266370288,-0.2633460272096992
499,0.1255810390586308,-0.1997068468522645
500,0.0628215181562575,-0.1073923585702742
501,0.0000000000000012,0.0000000000000014
502,-0.0628215181562514,0.1073923585702797
503,-0.1255810390586248,0.1997068468522698
504,-0.1882166266370228,0.2633460272097043
505,-0.2506664671286059,0.2875284078011237
506,-0.3128689300804587,0.2653483024396560
507,-0.3747626291714425,0.1944562862689975
508,-0.4362864827930815,0.0772936350926628
509,-0.4973797743297022,-0.0791422046010347
510,-0.5579822120784542,-0.2639781618713682
511,-0.6180339887498902,-0.4635254915624128
512,-0.6774758404905813,-0.6626153775554126
513,-0.7362491053693507,-0.8460794551732471
514,-0.7942957812695591,-1.0002303331396458
515,-0.8515585831301397,-1.1141971954951813
516,-0.9079809994790908,-1.1809857496093181
517,-0.9635073482034244,-1.1981587693001450
518,-1.0180828315007393,-1.1680706208130318
519,-1.0716535899579869,-1.0976328186147364
520,-1.1241667557042574,-0.9976335639656707
521,-1.1755705045849394,-0.8816778784387148
522,-1.2258141073059490,-0.7648520832919903
523,-1.2748479794973779,-0.6622433584768038
524,-1.3226237306472992,-0.5874593007980093
525,-1.3690942118573755,-0.5512924007454568
526,-1.4142135623730905,-0.5606601717798179
527,-1.4579372548428207,-0.6179246829845371
528,-1.5002221392609143,-0.7206581072582053
529,-1.5410264855515758,-0.8618772380174427
530,-1.5803100247513757,-1.0307240213760491
531,-1.6180339887498920,-1.2135254915624174
532,-1.6541611485491188,-1.3951293585993054
533,-1.6886558510040273,-1.5603845143992574
534,-1.7214840540078860,-1.6956215376933845
535,-1.7526133600877276,-1.7899882782133731
536,-1.7820130483767342,-1.8365097862825506
537,-1.8096541049320392,-1.8327688368466051
538,-1.8355092513679607,-1.7811404357134455
539,-1.8595529717765027,-1.6885573549786090
540,-1.8817615379084494,-1.5658296506188114
541,-1.9021130325903046,-1.4265847744427353
542,-1.9205873713538848,-1.2859320313279388
543,-1.9371663222572599,-1.1589821155467124
544,-1.9518335238774935,-1.0593666457206448
545,-1.9645745014573754,-0.9979026179454558
546,-1.9753766811902744,-0.9815325108927058
547,-1.9842294026289553,-1.0126437938241393
548,-1.9911239292061600,-1.0888344497171416
549,-1.9960534568565429,-1.2031474664961594
550,-1.9990131207314630,-1.3447513433611178
551,-2.0000000000000000,-1.4999999999999878
552,-1.9990131207314632,-1.6537683377360670
553,-1.9960534568565436,-1.7909327187886357
554,-1.9911239292061602,-1.8978514440920924
555,-1.9842294026289564,-1.9637003101192914
556,-1.9753766811902760,-1.9815325108927069
557,-1.9645745014573788,-1.9489591342406132
558,-1.9518335238774955,-1.8683836400956031
559,-1.9371663222572642,-1.7467673678391891
560,-1.9205873713538875,-1.5949490257029002
561,-1.9021130325903075,-1.4265847744427340
562,-1.8817615379084527,-1.2568126562438748
563,-1.8595529717765036,-1.1007721026861423
564,-1.8355092513679647,-0.9721234413385045
565,-1.8096541049320403,-0.8817123205514534
566,-1.7820130483767387,-0.8365097862825541
567,-1.7526133600877289,-0.8389317619182206
568,-1.7214840540078911,-0.8866045433184421
569,-1.6886558510040324,-0.9725992621067907
570,-1.6541611485491283,-1.0861123642243700
571,-1.6180339887498978,-1.2135254915624287
572,-1.5803100247513817,-1.3397410157510090
573,-1.5410264855515776,-1.4496624903099256
574,-1.5002221392609207,-1.5296751016331647
575,-1.4579372548428273,-1.5689811992796958
576,-1.4142135623730974,-1.5606601717798230
577,-1.3690942118573826,-1.5023489170406148
578,-1.3226237306473068,-1.3964762951729512
579,-1.2748479794973855,-1.2500286107692771
580,-1.2258141073059567,-1.0738690776669488
581,-1.1755705045849532,-0.8816778784387291
582,-1.1241667557042656,-0.6886165695907314
583,-1.0716535899580011,-0.5098475663222744
584,-1.0180828315007477,-0.3590536264380896
585,-0.9635073482034331,-0.2471022530050013
586,-0.9079809994790933,-0.1809857496093199
587,-0.8515585831301485,-0.1631406792000319
588,-0.7942957812695616,-0.1912133387646969
589,-0.7362491053693600,-0.2582942028807777
590,-0.6774758404905837,-0.3535983831804649
591,-0.6180339887498996,-0.4635254915624193
592,-0.5579822120784671,-0.5729951562463129
593,-0.4973797743297151,-0.6669274568935200
594,-0.4362864827930945,-0.7317233592822887
595,-0.3747626291714556,-0.7566002300261678
596,-0.3128689300804650,-0.7346516975603488
597,-0.2506664671286156,-0.6635281084940385
598,-0.1882166266370326,-0.5456709671652519
599,-0.1255810390586275,-0.3880784054402059
600,-0.0628215181562612,-0.2016246358046740
601,-0.0000000000000015,0.0000000000000023
602,0.0628215181562512,0.2016246358046595
603,0.1255810390586246,0.3880784054402092
604,0.1882166266370226,0.5456709671652400
605,0.2506664671286056,0.6635281084940332
606,0.3128689300804550,0.7346516975603412
607,0.3747626291714457,0.7566002300261584
608,0.4362864827930778,0.7317233592822805
609,0.4973797743297054,0.6669274568935186
610,0.5579822120784574,0.5729951562463127
611,0.6180339887498900,0.4635254915624195
612,0.6774758404905811,0.3535983831804699
613,0.7362491053693572,0.2582942028807815
614,0.7942957812695589,0.1912133387646993
615,0.8515585831301394,0.1631406792000317
616,0.9079809994790906,0.1809857496093179
617,0.9635073482034242,0.2471022530049880
618,1.0180828315007391,0.3590536264380789
619,1.0716535899579867,0.5098475663222459
620,1.1241667557042574,0.6886165695907048
621,1.1755705045849392,0.8816778784386971
622,1.2258141073059488,1.0738690776669360
623,1.2748479794973777,1.2500286107692653
624,1.3226237306472992,1.3964762951729413
625,1.3690942118573752,1.5023489170406070
626,1.4142135623730954,1.5606601717798214
627,1.4579372548428204,1.5689811992796929
628,1.5002221392609141,1.5296751016331642
629,1.5410264855515756,1.4496624903099185
630,1.5803100247513799,1.3397410157510012
631,1.6180339887498918,1.2135254915624174
632,1.6541611485491186,1.0861123642243697
633,1.6886558510040270,0.9725992621067812
634,1.7214840540078860,0.8866045433184341
635,1.7526133600877241,0.8389317619182146
636,1.7820130483767342,0.8365097862825506
637,1.8096541049320360,0.8817123205514479
638,1.8355092513679607,0.9721234413384970
639,1.8595529717765025,1.1007721026861472
640,1.8817615379084494,1.2568126562438655
641,1.9021130325903044,1.4265847744427242
642,1.9205873713538846,1.5949490257028773
643,1.9371663222572617,1.7467673678391811
644,1.9518335238774935,1.8683836400955891
645,1.9645745014573754,1.9489591342406039
646,1.9753766811902744,1.9815325108927058
647,1.9842294026289551,1.9637003101192927
648,1.9911239292061600,1.8978514440920966
649,1.9960534568565429,1.7909327187886528
650,1.9990131207314630,1.6537683377360739
651,2.0000000000000000,1.4999999999999951
652,1.9990131207314632,1.3447513433611249
653,1.9960534568565436,1.2031474664961772
654,1.9911239292061609,1.0888344497171549
655,1.9842294026289564,1.0126437938241422
656,1.9753766811902760,0.9815325108927069
657,1.9645745014573788,0.9979026179454561
658,1.9518335238774973,1.0593666457206432
659,1.9371663222572642,1.1589821155467097
660,1.9205873713538875,1.2859320313279474
661,1.9021130325903077,1.4265847744427305
662,1.8817615379084529,1.5658296506188070
663,1.8595529717765036,1.6885573549786153
664,1.8355092513679618,1.7811404357134504
665,1.8096541049320403,1.8327688368466080
666,1.7820130483767389,1.8365097862825541
667,1.7526133600877289,1.7899882782133720
668,1.7214840540078875,1.6956215376933819
669,1.6886558510040326,1.5603845143992556
670,1.6541611485491283,1.3951293585993194
671,1.6180339887498980,1.2135254915624292
672,1.5803100247513819,1.0307240213760607
673,1.5410264855515823,0.8618772380174534
674,1.5002221392609210,0.7206581072582231
675,1.4579372548428275,0.6179246829845491
676,1.4142135623730976,0.5606601717798232
677,1.3690942118573775,0.5512924007454561
678,1.3226237306473070,0.5874593007980025
679,1.2748479794973857,0.6622433584767922
680,1.2258141073059567,0.7648520832919891
681,1.1755705045849476,0.8816778784387136
682,1.1241667557042658,0.9976335639656699
683,1.0716535899580013,1.0976328186147299
684,1.0180828315007480,1.1680706208130338
685,0.9635073482034333,1.1981587693001539
686,0.9079809994790935,1.1809857496093201
687,0.8515585831301488,1.1141971954951901
688,0.7942957812695684,1.0002303331396571
689,0.7362491053693602,0.8460794551732600
690,0.6774758404905841,0.6626153775554082
691,0.6180339887498998,0.4635254915624273
692,0.5579822120784673,0.2639781618713851
693,0.4973797743297154,0.0791422046010505
694,0.4362864827930878,-0.0772936350926621
695,0.3747626291714558,-0.1944562862689853
696,0.3128689300804722,-0.2653483024396459
697,0.2506664671286158,-0.2875284078011141
698,0.1882166266370328,-0.2633460272096928
699,0.1255810390586278,-0.1997068468522620
700,0.0628215181562615,-0.1073923585702791
701,0.0000000000000017,0.0000000000000077
702,-0.0628215181562581,0.1073923585702938
703,-0.1255810390586243,0.1997068468522749
704,-0.1882166266370223,0.2633460272097081
705,-0.2506664671285983,0.2875284078011267
706,-0.3128689300804547,0.2653483024396590
707,-0.3747626291714455,0.1944562862689935
708,-0.4362864827930775,0.0772936350926707
709,-0.4973797743297052,-0.0791422046010302
710,-0.5579822120784572,-0.2639781618713625
711,-0.6180339887498898,-0.4635254915624184
712,-0.6774758404905807,-0.6626153775554043
713,-0.7362491053693503,-0.8460794551732400
714,-0.7942957812695587,-1.0002303331396407
715,-0.8515585831301457,-1.1141971954951875
716,-0.9079809994790904,-1.1809857496093179
717,-0.9635073482034240,-1.1981587693001472
718,-1.0180828315007389,-1.1680706208130278
719,-1.0716535899579924,-1.0976328186147244
720,-1.1241667557042572,-0.9976335639656648
721,-1.1755705045849392,-0.8816778784387088
722,-1.2258141073059485,-0.7648520832919977
723,-1.2748479794973775,-0.6622433584767986
724,-1.3226237306473043,-0.5874593007980014
725,-1.3690942118573750,-0.5512924007454548
726,-1.4142135623730900,-0.5606601717798174
727,-1.4579372548428204,-0.6179246829845390
728,-1.5002221392609185,-0.7206581072582204
729,-1.5410264855515754,-0.8618772380174471
730,-1.5803100247513755,-1.0307240213760547
731,-1.6180339887498918,-1.2135254915624234
732,-1.6541611485491226,-1.3951293585993274
733,-1.6886558510040268,-1.5603845143992616
734,-1.7214840540078822,-1.6956215376933854
735,-1.7526133600877238,-1.7899882782133723
736,-1.7820130483767340,-1.8365097862825506
737,-1.8096541049320389,-1.8327688368466073
738,-1.8355092513679605,-1.7811404357134504
739,-1.8595529717764998,-1.6885573549786250
740,-1.8817615379084494,-1.5658296506188192
741,-1.9021130325903066,-1.4265847744427309
742,-1.9205873713538846,-1.2859320313279465
743,-1.9371663222572599,-1.1589821155467193
744,-1.9518335238774933,-1.0593666457206496
745,-1.9645745014573768,-0.9979026179454550
746,-1.9753766811902744,-0.9815325108927058
747,-1.9842294026289551,-1.0126437938241364
748,-1.9911239292061600,-1.0888344497171452
749,-1.9960534568565429,-1.2031474664961757
750,-1.9990131207314630,-1.3447513433611236
751,-2.0000000000000000,-1.4999999999999936
752,-1.9990131207314632,-1.6537683377360726
753,-1.9960534568565431,-1.7909327187886515
754,-1.9911239292061602,-1.8978514440920959
755,-1.9842294026289564,-1.9637003101192931
756,-1.9753766811902771,-1.9815325108927078
757,-1.9645745014573788,-1.9489591342406112
758,-1.9518335238774958,-1.8683836400955915
759,-1.9371663222572644,-1.7467673678391844
760,-1.9205873713538875,-1.5949490257028947
761,-1.9021130325903077,-1.4265847744427285
762,-1.8817615379084505,-1.2568126562438542
763,-1.8595529717765038,-1.1007721026861379
764,-1.8355092513679649,-0.9721234413385013
765,-1.8096541049320405,-0.8817123205514519
766,-1.7820130483767358,-0.8365097862825519
767,-1.7526133600877292,-0.8389317619182182
768,-1.7214840540078913,-0.8866045433184372
769,-1.6886558510040326,-0.9725992621067842
770,-1.6541611485491245,-1.0861123642243729
771,-1.6180339887498980,-1.2135254915624205
772,-1.5803100247513866,-1.3397410157510050
773,-1.5410264855515825,-1.4496624903099109
774,-1.5002221392609210,-1.5296751016331600
775,-1.4579372548428229,-1.5689811992796943
776,-1.4142135623730976,-1.5606601717798232
777,-1.3690942118573828,-1.5023489170406175
778,-1.3226237306473070,-1.3964762951729561
779,-1.2748479794973804,-1.2500286107692684
780,-1.2258141073059570,-1.0738690776669435
781,-1.1755705045849536,-0.8816778784387235
782,-1.1241667557042661,-0.6886165695907262
783,-1.0716535899579955,-0.5098475663222539
784,-1.0180828315007482,-0.3590536264380866
785,-0.9635073482034335,-0.2471022530049998
786,-0.9079809994791001,-0.1809857496093250
787,-0.8515585831301490,-0.1631406792000384
788,-0.7942957812695620,-0.1912133387647008
789,-0.7362491053693604,-0.2582942028807828
790,-0.6774758404905910,-0.3535983831804623
791,-0.6180339887498934,-0.4635254915624347
792,-0.5579822120784607,-0.5729951562463274
793,-0.4973797743297156,-0.6669274568935251
794,-0.4362864827930950,-0.7317233592822926
795,-0.3747626291714630,-0.7566002300261709
796,-0.3128689300804654,-0.7346516975603490
797,-0.2506664671286161,-0.6635281084940370
798,-0.1882166266370331,-0.5456709671652488
799,-0.1255810390586280,-0.3880784054402015
800,-0.0628215181562546,-0.2016246358046634
801,-0.0000000000000020,-0.0000000000000064
802,0.0628215181562507,0.2016246358046512
803,0.1255810390586170,0.3880784054401852
804,0.1882166266370292,0.5456709671652484
805,0.2506664671286051,0.6635281084940302
806,0.3128689300804545,0.7346516975603409
807,0.3747626291714383,0.7566002300261597
808,0.4362864827930842,0.7317233592822821
809,0.4973797743297049,0.6669274568935135
810,0.5579822120784501,0.5729951562463151
811,0.6180339887498896,0.4635254915624275
812,0.6774758404905739,0.3535983831804724
813,0.7362491053693567,0.2582942028807764
814,0.7942957812695585,0.1912133387646955
815,0.8515585831301390,0.1631406792000295
816,0.9079809994790966,0.1809857496093225
817,0.9635073482034301,0.2471022530049987
818,1.0180828315007386,0.3590536264380820
819,1.0716535899579862,0.5098475663222506
820,1.1241667557042510,0.6886165695907055
821,1.1755705045849447,0.8816778784387213
822,1.2258141073059483,1.0738690776669411
823,1.2748479794973773,1.2500286107692697
824,1.3226237306472988,1.3964762951729444
825,1.3690942118573748,1.5023489170406128
826,1.4142135623730949,1.5606601717798212
827,1.4579372548428202,1.5689811992796909
828,1.5002221392609136,1.5296751016331602
829,1.5410264855515707,1.4496624903099216
830,1.5803100247513797,1.3397410157509957
831,1.6180339887498916,1.2135254915624114
832,1.6541611485491183,1.0861123642243640
833,1.6886558510040306,0.9725992621067675
834,1.7214840540078857,0.8866045433184306
835,1.7526133600877238,0.8389317619182128
836,1.7820130483767340,0.8365097862825506
837,1.8096541049320358,0.8817123205514497
838,1.8355092513679634,0.9721234413385111
839,1.8595529717765023,1.1007721026861519
840,1.8817615379084491,1.2568126562438708
841,1.9021130325903044,1.4265847744427302
842,1.9205873713538866,1.5949490257029115
843,1.9371663222572615,1.7467673678391973
844,1.9518335238774933,1.8683836400956007
845,1.9645745014573754,1.9489591342406101
846,1.9753766811902742,1.9815325108927055
847,1.9842294026289551,1.9637003101192954
848,1.9911239292061593,1.8978514440921010
849,1.9960534568565429,1.7909327187886595
850,1.9990131207314630,1.6537683377360684
851,2.0000000000000000,1.5000000000000033
852,1.9990131207314632,1.3447513433611327
853,1.9960534568565436,1.2031474664961839
854,1.9911239292061609,1.0888344497171598
855,1.9842294026289558,1.0126437938241399
856,1.9753766811902760,0.9815325108927069
857,1.9645745014573788,0.9979026179454535
858,1.9518335238774973,1.0593666457206383
859,1.9371663222572626,1.1589821155467135
860,1.9205873713538877,1.2859320313279397
861,1.9021130325903077,1.4265847744427220
862,1.8817615379084529,1.5658296506187992
863,1.8595529717765065,1.6885573549785993
864,1.8355092513679621,1.7811404357134459
865,1.8096541049320405,1.8327688368466055
866,1.7820130483767391,1.8365097862825543
867,1.7526133600877258,1.7899882782133678
868,1.7214840540078877,1.6956215376933867
869,1.6886558510040328,1.5603845143992627
870,1.6541611485491288,1.3951293585993279
871,1.6180339887499025,1.2135254915624412
872,1.5803100247513822,1.0307240213760553
873,1.5410264855515825,0.8618772380174489
874,1.5002221392609212,0.7206581072582199
875,1.4579372548428280,0.6179246829845475
876,1.4142135623730978,0.5606601717798234
877,1.3690942118573779,0.5512924007454582
878,1.3226237306473072,0.5874593007980061
879,1.2748479794973859,0.6622433584767972
880,1.2258141073059627,0.7648520832919856
881,1.1755705045849481,0.8816778784387198
882,1.1241667557042663,0.9976335639656759
883,1.0716535899580018,1.0976328186147348
884,1.0180828315007424,1.1680706208130414
885,0.9635073482034338,1.1981587693001559
886,0.9079809994791003,1.1809857496093252
887,0.8515585831301492,1.1141971954951888
888,0.7942957812695688,1.0002303331396540
889,0.7362491053693540,0.8460794551732391
890,0.6774758404905845,0.6626153775554029
891,0.6180339887499003,0.4635254915624218
892,0.5579822120784678,0.2639781618713798
893,0.4973797743297089,0.0791422046010294
894,0.4362864827930883,-0.0772936350926652
895,0.3747626291714563,-0.1944562862689867
896,0.3128689300804727,-0.2653483024396455
897,0.2506664671286163,-0.2875284078011163
898,0.1882166266370333,-0.2633460272096889
899,0.1255810390586283,-0.1997068468522569
900,0.0628215181562620,-0.1073923585702732
901,0.0000000000000022,0.0000000000000281
902,-0.0628215181562576,0.1073923585702998
903,-0.1255810390586238,0.1997068468522800
904,-0.1882166266370219,0.2633460272097119
905,-0.2506664671285979,0.2875284078011289
906,-0.3128689300804613,0.2653483024396540
907,-0.3747626291714450,0.1944562862689964
908,-0.4362864827930770,0.0772936350926760
909,-0.4973797743296978,-0.0791422046010179
910,-0.5579822120784567,-0.2639781618713677
911,-0.6180339887498894,-0.4635254915624097
912,-0.6774758404905803,-0.6626153775553960
913,-0.7362491053693498,-0.8460794551732329
914,-0.7942957812695517,-1.0002303331396223
915,-0.8515585831301452,-1.1141971954951844
916,-0.9079809994790901,-1.1809857496093175
917,-0.9635073482034235,-1.1981587693001496
918,-1.0180828315007324,-1.1680706208130363
919,-1.0716535899579920,-1.0976328186147306
920,-1.1241667557042567,-0.9976335639656725
921,-1.1755705045849387,-0.8816778784387168
922,-1.2258141073059481,-0.7648520832920054
923,-1.2748479794973770,-0.6622433584767937
924,-1.3226237306472985,-0.5874593007980020
925,-1.3690942118573746,-0.5512924007454569
926,-1.4142135623730898,-0.5606601717798174
927,-1.4579372548428249,-0.6179246829845438
928,-1.5002221392609183,-0.7206581072582153
929,-1.5410264855515752,-0.8618772380174402
930,-1.5803100247513753,-1.0307240213760465
931,-1.6180339887498874,-1.2135254915623972
932,-1.6541611485491221,-1.3951293585993192
933,-1.6886558510040266,-1.5603845143992547
934,-1.7214840540078820,-1.6956215376933803
935,-1.7526133600877236,-1.7899882782133649
936,-1.7820130483767338,-1.8365097862825503
937,-1.8096541049320387,-1.8327688368466055
938,-1.8355092513679603,-1.7811404357134468
939,-1.8595529717764996,-1.6885573549786201
940,-1.8817615379084516,-1.5658296506188019
941,-1.9021130325903064,-1.4265847744427249
942,-1.9205873713538844,-1.2859320313279410
943,-1.9371663222572597,-1.1589821155467144
944,-1.9518335238774949,-1.0593666457206388
945,-1.9645745014573766,-0.9979026179454530
946,-1.9753766811902742,-0.9815325108927056
947,-1.9842294026289542,-1.0126437938241377
948,-1.9911239292061593,-1.0888344497171398
949,-1.9960534568565429,-1.2031474664961803
950,-1.9990131207314630,-1.3447513433611291
951,-2.0000000000000000,-1.4999999999999996
952,-1.9990131207314634,-1.6537683377360648
953,-1.9960534568565431,-1.7909327187886563
954,-1.9911239292061604,-1.8978514440920993
955,-1.9842294026289566,-1.9637003101192951
956,-1.9753766811902773,-1.9815325108927080
957,-1.9645745014573774,-1.9489591342406039
958,-1.9518335238774958,-1.8683836400955880
959,-1.9371663222572644,-1.7467673678391797
960,-1.9205873713538877,-1.5949490257028893
961,-1.9021130325903080,-1.4265847744427083
962,-1.8817615379084531,-1.2568126562438506
963,-1.8595529717765040,-1.1007721026861335
964,-1.8355092513679652,-0.9721234413384980
965,-1.8096541049320376,-0.8817123205514434
966,-1.7820130483767360,-0.8365097862825519
967,-1.7526133600877294,-0.8389317619182244
968,-1.7214840540078915,-0.8866045433184493
969,-1.6886558510040368,-0.9725992621067920
970,-1.6541611485491248,-1.0861123642243649
971,-1.6180339887498982,-1.2135254915624123
972,-1.5803100247513868,-1.3397410157509972
973,-1.5410264855515827,-1.4496624903099045
974,-1.5002221392609214,-1.5296751016331638
975,-1.4579372548428231,-1.5689811992796916
976,-1.4142135623730980,-1.5606601717798236
977,-1.3690942118573832,-1.5023489170406203
978,-1.3226237306473021,-1.3964762951729490
979,-1.2748479794973808,-1.2500286107692755
980,-1.2258141073059574,-1.0738690776669517
981,-1.1755705045849540,-0.8816778784387322
982,-1.1241667557042605,-0.6886165695907164
983,-1.0716535899579960,-0.5098475663222610
984,-1.0180828315007486,-0.3590536264380917
985,-0.9635073482034402,-0.2471022530050074
986,-0.9079809994791005,-0.1809857496093253
987,-0.8515585831301494,-0.1631406792000362
988,-0.7942957812695625,-0.1912133387646962
989,-0.7362491053693608,-0.2582942028807763
990,-0.6774758404905914,-0.3535983831804548
991,-0.6180339887498938,-0.4635254915624267
992,-0.5579822120784612,-0.5729951562463198
993,-0.4973797743297161,-0.6669274568935186
994,-0.4362864827930955,-0.7317233592822880
995,-0.3747626291714495,-0.7566002300261669
996,-0.3128689300804659,-0.7346516975603494
997,-0.2506664671286166,-0.6635281084940401
998,-0.1882166266370335,-0.5456709671652540
999,-0.1255810390586285,-0.3880784054401971
1000,-0.0628215181562622,-0.2016246358046636